,City,Cloudiness,Country,Date,Humidity,Lat,Lon,Max Temp,Wind Speed
0,Nanortalik,100,GL,1575657414,63,60.14,-45.24,273.42,4.05
1,Codrington,0,AU,1575657413,55,-28.95,153.24,298.15,2.1
2,Mataura,36,NZ,1575657412,83,-46.19,168.86,285.37,0.45
3,Tuktoyaktuk,90,CA,1575657415,77,69.44,-133.03,258.15,10.3
4,Bambous Virieux,40,MU,1575657428,88,-20.34,57.76,299.26,1.5
5,Dunedin,100,NZ,1575657346,51,-45.87,170.5,289.26,4.47
6,Kutum,0,SD,1575657446,14,14.2,24.66,292.39,3.09
7,Lata,0,IN,1575657479,15,30.78,78.62,267.17,2.78
8,Cape Town,40,ZA,1575657175,82,-33.93,18.42,294.82,8.7
9,Tahlequah,1,US,1575657285,57,35.92,-94.97,284.26,4.1
10,Biak,95,ID,1575657563,78,-0.91,122.88,300.7,1.83
11,Fairbanks,20,US,1575657386,68,64.84,-147.72,250.93,1.44
12,Hithadhoo,34,MV,1575657424,80,-0.6,73.08,301.67,6.32
13,Souillac,90,FR,1575657456,93,45.6,-0.6,280.37,3.1
14,Ankazoabo,59,MG,1575657564,60,-22.29,44.51,297.03,2.01
15,Punta Arenas,94,CL,1575657412,50,-53.16,-70.91,287.15,14.9
16,Albanel,90,CA,1575657290,67,48.88,-72.44,268.71,4.1
17,Hermanus,86,ZA,1575657441,83,-34.42,19.24,294.26,0.45
18,Arraial do Cabo,75,BR,1575657414,83,-22.97,-42.02,296.15,4.6
19,Isla Mujeres,75,MX,1575657451,61,21.23,-86.73,300.15,2.6
20,Pimentel,66,BR,1575657565,48,-3.7,-45.5,306.82,1.64
21,Mount Isa,65,AU,1575657565,17,-20.73,139.49,290.15,5.22
22,Kaitangata,85,NZ,1575657413,74,-46.28,169.85,286.48,3.13
23,Kavieng,94,PG,1575657410,76,-2.57,150.8,302.15,5.11
24,Carnarvon,44,ZA,1575657425,35,-30.97,22.13,295.71,1.39
25,Saint-Pierre,90,FR,1575657496,100,48.95,4.24,280.15,9.8
26,Dikson,100,RU,1575657428,93,73.51,80.55,249.08,4.96
27,Faanui,34,PF,1575657458,80,-16.48,-151.75,300.75,7.99
28,Kapaa,1,US,1575657368,100,22.08,-159.32,295.15,2.6
29,Ushuaia,75,AR,1575657409,66,-54.81,-68.31,283.15,13.4
30,New Norfolk,62,AU,1575657453,46,-42.78,147.06,285.15,9.8
31,Severo-Kurilsk,92,RU,1575657417,91,50.68,156.12,267.11,14.26
32,Oranjestad,20,AW,1575657428,62,12.52,-70.03,305.15,8.7
33,Grants,1,US,1575657567,80,35.15,-107.85,275.15,1.5
34,Bluff,5,AU,1575657410,71,-23.58,149.07,296.55,1.4
35,Anzio,96,IT,1575657568,87,41.45,12.63,287.15,2.16
36,Zaraza,25,VE,1575657568,61,9.35,-65.33,303.14,2.52
37,Puerto Ayora,20,EC,1575657228,51,-0.74,-90.35,302.15,7.7
38,Tuatapere,85,NZ,1575657426,83,-46.13,167.69,285.37,0.45
39,Lebu,86,ET,1575657429,68,8.96,38.73,285.5,1.9
40,Castro,40,CL,1575657416,67,-42.48,-73.76,289.15,6.7
41,Boyabat,20,TR,1575657568,70,41.47,34.77,282.15,6.2
42,Meitingen,11,DE,1575657569,74,48.55,10.85,279.26,2.1
43,Albany,90,US,1575657316,86,42.65,-73.75,274.26,5.56
44,Hobart,53,AU,1575657423,46,-42.88,147.33,285.15,9.8
45,Vaini,0,IN,1575657433,76,15.34,74.49,292.9,4.25
46,Golynki,52,RU,1575657570,74,54.87,31.38,273.65,6.3
47,Hualmay,2,PE,1575657570,53,-11.1,-77.61,298.57,5.0
48,Busselton,89,AU,1575657408,60,-33.64,115.35,290.37,0.34
49,Tahoua,7,NE,1575657570,16,14.89,5.26,302.15,3.1
50,Kangaatsiaq,53,GL,1575657570,88,68.31,-53.46,261.64,4.07
51,Mahebourg,40,MU,1575657413,88,-20.41,57.7,299.26,1.5
52,Saldanha,81,PT,1575657409,86,41.42,-6.55,279.28,0.65
53,Karratha,0,AU,1575657422,73,-20.74,116.85,300.58,6.36
54,Gabu,0,CN,1575657571,74,34.78,103.0,256.94,0.87
55,Lompoc,1,US,1575657420,68,34.64,-120.46,291.15,3.6
56,Upernavik,86,GL,1575657433,52,72.79,-56.15,258.95,4.63
57,Avarua,50,CK,1575657415,78,-21.21,-159.78,298.15,4.6
58,Husavik,100,CA,1575657410,78,50.56,-96.99,266.48,3.58
59,Krasnozerskoye,100,RU,1575657571,89,53.98,79.24,264.29,8.5
60,Hilo,90,US,1575657420,88,19.71,-155.08,294.15,1.9
61,Tiksi,100,RU,1575657426,100,71.64,128.87,242.36,1.9
62,Port Alfred,0,ZA,1575657438,89,-33.59,26.89,294.26,3.58
63,Chicama,90,PE,1575657572,82,-7.84,-79.15,293.15,5.1
64,Chapais,90,CA,1575657469,72,49.78,-74.86,264.15,2.1
65,Pacific Grove,1,US,1575657454,67,36.62,-121.92,291.48,2.6
66,Matara,99,BI,1575657487,95,-3.48,29.48,288.85,0.36
67,Portland,1,US,1575657335,58,43.66,-70.25,273.71,1.5
68,Te Anau,100,NZ,1575657411,95,-45.41,167.72,281.41,0.55
69,Atuona,0,PF,1575657408,71,-9.8,-139.03,300.2,7.26
70,Yulara,0,AU,1575657573,13,-25.24,130.99,294.15,2.6
71,Grand Gaube,40,MU,1575657432,88,-20.01,57.66,299.26,1.5
72,Bredasdorp,76,ZA,1575657418,77,-34.53,20.04,293.15,2.6
73,Jacmel,40,HT,1575657573,46,18.24,-72.54,306.15,2.6
74,Gold Coast,0,AU,1575657498,93,-28.0,153.41,295.37,2.1
75,Bougouni,0,ML,1575657573,15,11.42,-7.49,302.61,0.95
76,Matiri,84,UG,1575657574,97,0.58,30.76,291.02,1.04
77,Mahibadhoo,100,MV,1575657574,77,3.78,72.97,301.52,8.33
78,Ribeira Grande,75,PT,1575657438,77,38.52,-28.7,291.15,5.7
79,Georgetown,40,GY,1575657309,70,6.8,-58.16,304.15,5.1
80,Saskylakh,100,RU,1575657436,90,71.97,114.09,244.24,10.36
81,Aykhal,40,RU,1575657574,68,65.95,111.51,246.15,4.0
82,Kupang,100,ID,1575657575,75,-10.16,123.6,301.71,3.24
83,Kavaratti,0,IN,1575657447,67,10.57,72.64,301.56,2.32
84,Samfya,98,ZM,1575657575,89,-11.37,29.56,293.87,2.77
85,Talnakh,40,RU,1575657445,84,69.49,88.39,260.15,10.0
86,Rikitea,88,PF,1575657410,81,-23.12,-134.97,296.84,7.46
87,Chuy,9,UY,1575657473,33,-33.69,-53.46,299.8,8.0
88,Menongue,87,AO,1575657575,86,-14.66,17.68,292.89,0.08
89,Clyde River,20,CA,1575657416,83,70.47,-68.59,248.15,5.1
90,Kodiak,1,US,1575657415,59,39.95,-94.76,278.15,3.66
91,Moron,2,HT,1575657576,75,18.56,-74.26,301.1,3.53
92,Cherskiy,66,RU,1575657476,70,68.75,161.3,252.98,0.91
93,Ahipara,6,NZ,1575657485,100,-35.17,173.16,292.59,3.97
94,Sitka,17,US,1575657576,69,37.17,-99.65,278.15,1.34
95,Kendari,96,ID,1575657576,90,-3.99,122.52,297.08,0.56
96,Vostok,62,RU,1575657438,85,46.45,135.83,250.87,2.24
97,Hambantota,100,LK,1575657438,80,6.12,81.12,300.27,9.11
98,Emerald,0,AU,1575657577,69,-23.53,148.16,297.15,1.5
99,Pevek,75,RU,1575657430,99,69.7,170.27,250.02,1.01
100,Ola,100,RU,1575657577,85,59.58,151.3,254.03,5.26
101,Dingzhou,0,CN,1575657577,92,38.51,115.0,270.15,2.0
102,Necochea,0,AR,1575657456,56,-38.55,-58.74,292.04,8.05
103,Qandala,100,SO,1575657578,87,11.47,49.87,297.89,5.98
104,Torbay,75,CA,1575657431,93,47.66,-52.73,276.48,5.1
105,Ust-Ishim,100,RU,1575657578,93,57.69,71.17,268.29,5.04
106,Ilulissat,75,GL,1575657466,46,69.22,-51.1,261.15,3.6
107,Ferme-Neuve,96,CA,1575657578,68,46.7,-75.45,267.74,1.75
108,Anadyr,78,RU,1575657578,66,64.73,177.51,263.15,14.0
109,Alta Floresta,20,BR,1575657448,74,-9.87,-56.08,303.15,2.1
110,Bathsheba,40,BB,1575657478,58,13.22,-59.52,304.15,8.7
111,Ponta do Sol,92,BR,1575657432,74,-20.63,-46.0,299.59,4.87
112,Svetlaya,42,RU,1575657579,58,46.54,138.33,264.13,5.85
113,Kirovskiy,47,RU,1575657579,79,45.09,133.51,258.57,2.49
114,Vila,75,IT,1575657579,86,45.18,8.4,278.71,1.0
115,Norman Wells,90,CA,1575657449,75,65.28,-126.83,246.15,2.1
116,Saint-Philippe,90,CA,1575657439,79,45.36,-73.48,271.15,1.92
117,Thompson,90,CA,1575657415,84,55.74,-97.86,259.15,3.6
118,Mwinilunga,76,ZM,1575657580,93,-11.73,24.43,290.26,1.12
119,Kysyl-Syr,14,RU,1575657580,97,63.9,122.77,233.96,1.79
120,Bonavista,3,CA,1575657414,84,48.65,-53.11,275.93,5.36
121,San Patricio,0,PY,1575657410,27,-26.98,-56.83,302.29,2.26
122,Jamestown,11,AU,1575657143,86,-33.21,138.6,282.86,2.25
123,Avera,40,US,1575657435,50,33.19,-82.53,289.15,1.5
124,Arlit,9,NE,1575657472,9,18.74,7.39,300.82,4.39
125,Denpasar,40,ID,1575657581,83,-8.65,115.22,302.15,2.6
126,Broken Hill,1,AU,1575657480,44,-31.97,141.45,288.15,4.6
127,San Miguel,80,AR,1575657581,22,-34.54,-58.72,304.82,2.1
128,Isangel,64,VU,1575657444,88,-19.55,169.27,298.39,2.63
129,Hervey Bay,0,AU,1575657477,83,-25.3,152.85,298.15,5.7
130,Palu,100,ID,1575657582,98,-0.9,119.87,293.07,0.88
131,Sao Joao da Barra,40,BR,1575657412,74,-21.64,-41.05,301.15,5.1
132,Boende,94,CD,1575657582,97,-0.28,20.88,295.97,1.24
133,Amga,100,RU,1575657582,96,60.89,131.98,233.05,1.3
134,Cockburn Town,75,TC,1575657181,78,21.46,-71.14,301.15,6.7
135,Caravelas,90,BR,1575657582,48,-17.73,-39.27,305.36,4.53
136,Mar del Plata,20,AR,1575657437,38,-46.43,-67.52,291.36,2.32
137,Fortuna,40,US,1575657482,82,40.6,-124.16,289.15,9.8
138,Chokurdakh,0,RU,1575657418,93,70.62,147.9,243.12,3.51
139,Comodoro Rivadavia,75,AR,1575657583,40,-45.87,-67.48,294.15,3.1
140,Yellowknife,75,CA,1575657427,75,62.45,-114.38,246.48,3.1
141,Longyearbyen,32,NO,1575657443,61,78.22,15.63,264.15,11.8
142,Worcester,75,GB,1575657554,76,52.19,-2.22,283.15,4.6
143,Pangnirtung,75,CA,1575657584,84,66.15,-65.72,255.15,1.35
144,Mehamn,40,NO,1575657455,76,71.03,27.85,273.15,7.7
145,Barrow,0,AR,1575657414,31,-38.31,-60.23,293.75,10.63
146,Toora-Khem,97,RU,1575657584,92,52.47,96.11,260.07,1.12
147,Grindavik,20,IS,1575657428,80,63.84,-22.43,272.15,3.6
148,Champawat,87,IN,1575657585,77,29.34,80.09,279.78,0.81
149,Tazovskiy,87,RU,1575657585,96,67.47,78.7,253.65,5.44
150,Bosaso,100,SO,1575657585,84,11.28,49.18,299.42,12.5
151,Pisco,6,PE,1575657525,30,-13.71,-76.2,295.15,2.6
152,Taber,90,CA,1575657585,92,49.79,-112.14,268.15,1.0
153,Plettenberg Bay,0,ZA,1575657585,85,-34.05,23.37,293.06,3.03
154,Springbok,0,ZA,1575657488,31,-29.67,17.88,293.59,4.34
155,Farmington,1,US,1575657586,74,36.73,-108.21,278.15,3.6
156,Saint George,20,GR,1575657434,93,39.45,22.34,280.15,0.96
157,Quatre Cocos,40,MU,1575657433,88,-20.21,57.76,299.26,1.5
158,Valparaiso,90,US,1575657444,59,41.47,-87.06,277.15,6.7
159,Ust-Shonosha,100,RU,1575657586,96,61.15,41.34,274.63,5.12
160,Esso,49,RU,1575657586,96,55.93,158.7,257.02,3.31
161,Manaure,40,CO,1575657586,44,11.78,-72.45,308.15,7.2
162,Lagoa,0,PT,1575657416,72,37.14,-8.45,288.71,2.1
163,Bethel,40,US,1575657443,84,60.79,-161.76,261.15,7.2
164,Qaanaaq,0,GL,1575657423,61,77.48,-69.36,251.55,3.62
165,Jiazi,0,CN,1575657587,39,19.61,110.49,290.15,5.0
166,Butaritari,100,KI,1575657419,70,3.07,172.79,300.76,1.7
167,Aksarka,93,RU,1575657587,97,66.56,67.8,253.33,1.37
168,La Ronge,90,CA,1575657588,85,55.1,-105.3,262.15,4.6
169,Vanimo,69,PG,1575657588,79,-2.67,141.3,301.32,3.7
170,Bohodukhiv,75,UA,1575657588,93,50.16,35.52,275.15,4.0
171,Douentza,97,ML,1575657588,8,15.01,-2.95,298.45,2.51
172,Vallenar,0,CL,1575657430,42,-28.58,-70.76,296.56,5.88
173,Lujiang,0,CN,1575657588,80,31.26,117.28,275.15,2.0
174,Albemarle,90,US,1575657588,53,35.35,-80.2,286.15,3.6
175,Provideniya,100,RU,1575657411,94,64.42,-173.23,258.81,7.75
176,Petropavlovsk-Kamchatskiy,82,RU,1575657589,85,53.05,158.65,262.15,4.0
177,Cabedelo,20,BR,1575657422,58,-6.97,-34.84,303.15,5.1
178,Leningradskiy,100,RU,1575657589,78,69.38,178.42,263.19,1.58
179,Iralaya,40,HN,1575657424,79,15.0,-83.23,302.15,6.2
180,Fuling,0,CN,1575657589,78,29.71,107.39,278.6,1.8
181,Lampazos de Naranjo,4,MX,1575657589,40,27.02,-100.51,295.87,7.12
182,Lusambo,97,CD,1575657467,98,-4.97,23.44,294.02,0.51
183,Port Hedland,0,AU,1575657590,88,-20.31,118.58,298.15,3.1
184,Ribas do Rio Pardo,92,BR,1575657590,54,-20.45,-53.76,301.51,3.08
185,Adrar,69,DZ,1575657590,32,27.87,-0.29,294.15,2.6
186,Amapa,20,HN,1575657590,51,15.09,-87.97,303.15,4.6
187,Esperance,100,AU,1575657409,60,-33.86,121.89,294.15,5.7
188,Antofagasta,55,CL,1575657535,60,-23.65,-70.4,293.15,6.7
189,Deputatskiy,100,RU,1575657489,100,69.3,139.9,243.88,0.37
190,Puerto Escondido,5,MX,1575657454,66,15.86,-97.07,303.15,3.6
191,Itupiranga,75,BR,1575657591,56,-5.13,-49.33,307.15,1.0
192,Galdar,75,ES,1575657592,72,28.15,-15.65,292.59,9.8
193,Puerto Suarez,90,BO,1575657592,58,-18.96,-57.8,304.15,1.92
194,Soligalich,100,RU,1575657592,96,59.08,42.29,273.39,5.09
195,Tarragona,0,ES,1575657564,100,41.12,1.25,285.37,3.97
196,Dingle,32,PH,1575657419,91,11.0,122.67,296.26,1.03
197,Xichang,0,CN,1575657593,90,27.88,102.25,270.14,0.54
198,Altay,100,CN,1575657456,96,47.83,88.13,265.01,1.2
199,Naze,75,NG,1575657474,70,5.43,7.07,302.15,1.5
200,Ouallam,0,NE,1575657593,12,14.32,2.08,300.91,3.1
201,Mareeba,100,AU,1575657593,73,-16.99,145.42,298.15,1.5
202,Tual,71,ID,1575657452,75,-5.67,132.75,301.33,2.58
203,San Vicente de Canete,29,PE,1575657309,80,-13.08,-76.38,293.84,3.11
204,Cabo San Lucas,5,MX,1575657387,69,22.89,-109.91,302.59,4.1
205,Luderitz,11,NA,1575657429,88,-26.65,15.16,291.15,4.1
206,Cap Malheureux,40,MU,1575657459,88,-19.98,57.61,299.26,1.5
207,Jumla,78,NP,1575657594,29,29.28,82.18,273.02,1.75
208,Riyadh,0,SA,1575657203,32,24.63,46.72,293.15,3.6
209,Snizhne,0,UA,1575657594,90,48.02,38.76,273.02,2.74
210,Shenjiamen,91,CN,1575657467,64,29.96,122.3,283.1,8.93
211,Nybro,90,SE,1575657595,93,56.75,15.91,282.04,6.2
212,Zhigansk,11,RU,1575657466,94,66.77,123.37,235.07,0.76
213,Ortakoy,75,TR,1575657595,80,38.74,34.04,274.15,2.1
214,Lander,1,US,1575657595,85,42.83,-108.73,274.82,0.79
215,Margate,53,AU,1575657449,46,-43.03,147.26,285.15,9.8
216,Bemidji,1,US,1575657540,78,47.48,-94.89,268.15,1.5
217,Beltiug,52,RO,1575657596,92,47.55,22.84,271.15,2.6
218,Zachepylivka,0,UA,1575657596,90,49.2,35.24,274.57,5.16
219,Ornskoldsvik,100,SE,1575657596,86,63.29,18.72,272.15,4.1
220,Carutapera,39,BR,1575657143,77,-1.2,-46.02,300.91,5.95
221,Capreol,75,CA,1575657596,92,46.71,-80.92,266.48,1.5
222,Tasiilaq,20,GL,1575657472,57,65.61,-37.64,267.15,3.16
223,Hofn,61,IS,1575657430,54,64.25,-15.21,271.15,4.6
224,Zhicheng,0,CN,1575657597,56,35.04,112.59,274.66,1.01
225,Nikolskoye,75,RU,1575657432,93,59.7,30.79,277.04,4.0
226,Nelson Bay,90,AU,1575657597,88,-32.72,152.14,293.15,3.1
227,Khatanga,100,RU,1575657459,86,71.98,102.47,254.11,4.22
228,Coihaique,20,CL,1575657416,45,-45.58,-72.07,292.15,4.1
229,Idrinskoye,100,RU,1575657598,96,54.37,92.14,266.72,1.23
230,Tura,100,RU,1575657598,94,64.27,100.22,258.75,3.57
231,Flin Flon,90,CA,1575657598,92,54.77,-101.88,262.15,2.6
232,Wattegama,96,LK,1575657598,92,7.35,80.68,295.16,1.19
233,Edinet,0,MD,1575657598,65,48.17,27.3,272.65,2.25
234,De-Kastri,100,RU,1575657598,80,51.48,140.77,259.21,9.3
235,San Quintin,0,PH,1575657599,92,17.54,120.52,293.45,2.73
236,Camacari,20,BR,1575657540,66,-12.7,-38.32,303.15,9.8
237,Iqaluit,20,CA,1575657490,76,63.75,-68.52,250.37,11.3
238,Yantal,8,RU,1575657599,80,56.85,105.25,256.85,1.78
239,Svetlogorsk,90,RU,1575657599,79,53.14,59.15,271.15,11.0
240,Sipe Sipe,75,BO,1575657599,30,-17.45,-66.36,300.15,5.1
241,Hovd,75,NO,1575657599,85,63.83,10.7,279.26,6.7
242,Kosmynino,75,RU,1575657600,80,57.55,40.74,275.15,7.0
243,Nishihara,75,JP,1575657600,69,35.74,139.53,282.04,2.1
244,Finschhafen,17,PG,1575657600,74,-6.6,147.85,301.58,3.68
245,Salto,75,BR,1575657600,69,-23.2,-47.29,299.82,2.6
246,Lohja,75,FI,1575657600,93,60.25,24.07,278.71,3.6
247,Santo Antonio de Jesus,0,BR,1575657601,21,-12.97,-39.26,309.12,2.84
248,Tocopilla,56,CL,1575657601,14,-22.09,-70.2,297.97,6.15
249,Mantua,75,IT,1575657601,86,45.16,10.79,279.26,1.0
250,Labuhan,98,ID,1575657601,93,-2.54,115.51,296.83,0.48
251,Kijang,77,KR,1575657601,33,35.24,129.21,271.15,5.1
252,Airai,99,TL,1575657427,66,-8.93,125.41,292.64,1.65
253,Pamanukan,100,ID,1575657602,83,-6.28,107.82,299.42,1.77
254,Kruisfontein,7,ZA,1575657427,94,-34.0,24.73,291.6,5.07
255,Pozo Colorado,13,PY,1575657602,14,-23.49,-58.8,307.75,3.24
256,Bichena,71,ET,1575657602,66,10.45,38.2,284.87,1.94
257,Sault Sainte Marie,90,CA,1575657602,63,46.49,-84.36,270.15,6.7
258,Chitral,0,PK,1575657602,25,35.85,71.79,262.79,3.84
259,Pokhara,61,NP,1575657602,65,28.21,83.99,285.21,1.02
260,Soyo,76,AO,1575657603,81,-6.13,12.37,298.62,2.84
261,Raudeberg,40,NO,1575657465,93,61.99,5.14,277.04,3.6
262,Cherepovets,90,RU,1575657603,95,59.13,37.92,274.15,4.0
263,Bud,75,NO,1575657475,86,62.91,6.91,278.15,5.1
264,Port Elizabeth,1,US,1575657417,57,39.31,-74.98,285.93,3.1
265,Atambua,100,ID,1575657603,83,-9.11,124.89,297.59,0.71
266,Cidreira,0,BR,1575657452,57,-30.17,-50.22,297.6,4.12
267,Victoria,75,BN,1575657238,88,5.28,115.24,298.15,5.8
268,Lasa,0,CY,1575657470,62,34.92,32.53,286.15,4.1
269,East London,0,ZA,1575657447,44,-33.02,27.91,299.15,2.1
270,Phalaborwa,24,ZA,1575657604,53,-23.95,31.14,298.15,1.5
271,Aklavik,90,CA,1575657425,71,68.22,-135.01,257.15,2.6
272,Harnai,0,PK,1575657605,33,30.1,67.94,285.9,0.39
273,Bogotol,100,RU,1575657605,86,56.21,89.53,268.99,5.51
274,Shwebo,8,MM,1575657605,73,22.57,95.7,291.05,2.91
275,Jaten,99,ID,1575657605,94,-7.39,110.69,301.48,1.67
276,College,20,US,1575657605,68,64.86,-147.8,250.93,1.74
277,Wageningen,90,NL,1575657605,100,51.98,5.66,281.48,9.3
278,Nara,100,JP,1575657605,80,34.68,135.8,280.15,4.6
279,Yar-Sale,62,RU,1575657416,99,66.83,70.83,248.5,1.94
280,Bafq,0,IR,1575657606,51,31.6,55.4,284.56,3.24
281,Zhangzhou,20,CN,1575657606,66,24.51,117.65,285.15,4.0
282,Flinders,79,AU,1575657606,93,-34.58,150.85,291.48,1.0
283,Stanger,100,ZA,1575657606,94,-29.34,31.29,294.82,1.0
284,Ponta Delgada,40,PT,1575657606,67,37.73,-25.67,290.15,4.1
285,Weston,90,US,1575657606,55,41.2,-73.38,281.48,4.6
286,Fallon,1,US,1575657607,74,46.84,-105.12,276.15,4.6
287,Katsuura,75,JP,1575657470,81,33.93,134.5,279.15,4.1
288,Butembo,67,CD,1575657607,95,0.12,29.29,289.94,1.95
289,Tabuk,64,PH,1575657607,91,17.41,121.44,294.46,6.49
290,Wagar,70,US,1575657607,76,31.44,-87.99,293.71,2.95
291,Bang Saphan,74,TH,1575657607,64,11.21,99.51,297.73,10.08
292,Mocuba,27,MZ,1575657607,83,-16.84,36.99,296.47,1.55
293,Kyabe,0,TD,1575657608,15,9.45,18.94,298.96,1.89
294,Vestmannaeyjar,14,IS,1575657415,74,63.44,-20.27,272.15,5.1
295,Jimo,0,CN,1575657608,86,36.39,120.46,270.15,1.0
296,San Policarpo,44,PH,1575657608,90,12.18,125.51,297.83,2.34
297,Gizo,40,IL,1575657608,63,31.8,34.94,290.37,1.0
298,Palmares do Sul,0,BR,1575657608,40,-30.26,-50.51,302.04,2.68
299,Ishigaki,100,JP,1575657609,86,24.34,124.16,291.49,18.1
300,Jucuaran,0,SV,1575657609,63,13.25,-88.25,301.49,4.33
301,Thaton,33,MM,1575657609,70,16.91,97.37,289.28,1.06
302,Port Augusta,0,AU,1575657493,77,-32.49,137.76,289.15,3.6
303,Kungurtug,92,RU,1575657609,65,50.6,97.53,260.42,1.83
304,Cordele,40,US,1575657609,39,31.96,-83.78,292.15,2.7
305,Lorain,90,US,1575657609,64,41.47,-82.18,278.15,9.8
306,Inuvik,90,CA,1575657610,84,68.36,-133.71,257.15,5.7
307,Ancud,40,CL,1575657460,67,-41.87,-73.83,289.15,6.7
308,Klaksvik,57,FO,1575657416,70,62.23,-6.59,274.15,3.6
309,Vila Velha,20,BR,1575657610,58,-3.71,-38.6,303.15,4.6
310,Hailey,90,US,1575657598,74,43.52,-114.32,271.15,4.6
311,Axim,72,GH,1575657465,79,4.87,-2.24,299.39,2.16
312,Port Blair,16,IN,1575657435,73,11.67,92.75,298.82,9.04
313,Beatrice,1,US,1575657610,64,40.27,-96.75,275.93,2.1
314,Utraula,85,IN,1575657611,57,27.32,82.42,291.06,1.26
315,Aksu,90,KZ,1575657423,85,52.04,76.93,269.15,9.0
316,Orsha,32,BY,1575657611,76,54.51,30.43,273.13,5.91
317,Chumikan,87,RU,1575657611,94,54.72,135.31,246.96,1.95
318,Bhag,0,PK,1575657611,28,29.04,67.82,291.24,0.71
319,Xiuyan,90,CN,1575657611,93,40.29,123.27,266.31,0.42
320,Lukovetskiy,90,RU,1575657611,86,64.29,41.92,274.15,3.0
321,Kieta,82,PG,1575657611,81,-6.22,155.63,299.73,2.85
322,Awbari,93,LY,1575657473,21,26.59,12.77,293.63,2.88
323,Champerico,40,MX,1575657453,54,16.38,-93.6,301.15,0.82
324,Otavi,38,NA,1575657612,62,-19.64,17.34,295.84,1.34
325,Aberdeen,75,US,1575657612,100,46.98,-123.82,285.37,4.6
326,Salalah,40,OM,1575657472,54,17.01,54.1,301.15,3.6
327,Vila Franca do Campo,40,PT,1575657453,67,37.72,-25.43,290.15,4.1
328,Kahului,75,US,1575657451,88,20.89,-156.47,294.15,3.1
329,Nioro,57,GM,1575657613,14,13.79,-15.05,304.5,2.61
330,Sioux Lookout,90,CA,1575657613,78,50.1,-91.92,260.15,2.6
331,Skjervoy,4,NO,1575657431,79,70.03,20.97,270.15,9.3
332,Bay Roberts,75,CA,1575657613,93,47.58,-53.28,276.48,5.1
333,Ixtapa,5,MX,1575657459,54,20.71,-105.21,301.15,1.7
334,Calama,52,CL,1575657613,11,-22.46,-68.93,297.15,10.3
335,Port Hardy,90,CA,1575657436,87,50.7,-127.42,280.15,7.7
336,Vanavara,92,RU,1575657443,94,60.35,102.28,259.53,2.59
337,Zhezkazgan,50,KZ,1575657450,86,47.8,67.71,268.52,7.22
338,Teeli,100,RU,1575657614,82,51.01,90.2,258.34,0.25
339,Diffa,0,NE,1575657614,13,13.32,12.61,297.32,2.76
340,Santa Barbara,1,US,1575657462,67,34.42,-119.7,292.59,3.1
341,Narsaq,100,GL,1575657411,54,60.91,-46.05,265.97,3.58
342,Khomutovo,1,RU,1575657614,76,52.85,37.45,272.2,7.66
343,Ilo,76,PE,1575657615,78,-17.65,-71.34,296.15,3.1
344,Ketchikan,1,US,1575657615,92,55.34,-131.65,272.15,2.1
345,Tomatlan,0,MX,1575657615,45,19.93,-105.25,303.01,1.43
346,Sawakin,17,SD,1575657615,82,19.1,37.33,299.72,7.43
347,Coquimbo,40,CL,1575657471,68,-29.95,-71.34,297.04,5.7
348,Shelburne,90,CA,1575657442,79,44.08,-80.2,273.71,4.1
349,Mae Ramat,31,TH,1575657615,81,16.98,98.52,286.08,1.4
350,Westport,90,US,1575657432,56,41.14,-73.36,281.48,5.1
351,Port Macquarie,90,AU,1575657616,93,-31.43,152.91,293.15,9.15
352,Praxedis Guerrero,1,MX,1575657616,47,31.37,-106.02,288.15,5.47
353,Tabou,80,CI,1575657616,83,4.42,-7.36,299.55,2.55
354,Yumen,81,CN,1575657616,50,40.29,97.04,267.89,4.84
355,Qaqortoq,100,GL,1575657492,43,60.72,-46.03,272.94,4.43
356,Bara,0,NG,1575657616,17,10.41,10.6,298.71,2.8
357,Rio Gallegos,40,AR,1575657493,36,-51.62,-69.22,290.15,12.9
358,Mananjary,87,MG,1575657617,70,-19.16,46.8,293.61,1.11
359,Villaviciosa,63,ES,1575657617,93,43.48,-5.43,284.26,1.5
360,Alofi,75,NU,1575657412,94,-19.06,-169.92,298.15,3.1
361,Moville,40,US,1575657617,79,42.49,-96.07,270.93,0.5
362,Kawalu,100,ID,1575657617,92,-7.38,108.21,295.48,1.34
363,Murakami,100,JP,1575657617,67,38.29,139.58,278.29,5.1
364,Sydney,40,AU,1575657602,88,-33.85,151.22,291.48,1.5
365,Shingu,100,JP,1575657618,74,33.72,135.99,281.54,3.93
366,Valdivia,57,CL,1575657618,56,-39.81,-73.25,293.15,2.6
367,Nouadhibou,0,MR,1575657618,68,20.93,-17.03,293.15,8.7
368,Laguna,40,BZ,1575657458,74,16.17,-88.94,300.15,2.22
369,Znamensk,75,RU,1575657618,93,54.62,21.23,276.15,7.0
370,Bojnice,90,SK,1575657619,79,48.78,18.58,272.15,1.5
371,Linxia,0,CN,1575657619,44,35.6,103.21,266.73,3.36
372,Lisakovsk,100,KZ,1575657619,87,52.55,62.49,274.91,10.44
373,Clinton,75,US,1575657490,60,41.28,-72.53,281.48,4.6
374,Kyaikto,37,MM,1575657619,53,17.31,97.01,292.03,2.99
375,Bachaquero,49,VE,1575657442,55,9.96,-71.12,305.31,0.4
376,Oda,100,JP,1575657619,87,35.19,132.5,273.63,1.16
377,Hornepayne,100,CA,1575657620,85,49.22,-84.78,259.07,3.22
378,Le Port,11,FR,1575657620,74,42.87,1.37,279.82,2.24
379,Porgera,97,PG,1575657620,97,-5.46,143.15,283.45,1.84
380,Kiama,79,AU,1575657620,93,-34.67,150.86,291.48,1.0
381,Chama,78,ZM,1575657620,73,-11.22,33.16,297.69,1.55
382,Turukhansk,99,RU,1575657620,96,65.8,87.96,255.38,4.0
383,Padang,99,ID,1575657495,97,-0.92,100.36,293.52,1.5
384,Hangu,0,PK,1575657621,62,33.53,71.06,284.15,2.1
385,Mount Gambier,75,AU,1575657286,93,-37.83,140.78,280.15,3.1
386,Carora,39,VE,1575657621,42,10.17,-70.08,303.6,3.67
387,Dustlik,99,UZ,1575657621,80,40.53,68.03,280.5,0.96
388,Havre-Saint-Pierre,90,CA,1575657621,86,50.23,-63.6,270.15,4.1
389,Sovetskiy,100,RU,1575657462,91,56.76,48.47,273.59,7.68
390,Santa Maria,75,BR,1575657622,61,-16.02,-48.01,301.15,3.6
391,Ust-Tsilma,84,RU,1575657622,97,65.44,52.15,256.25,1.5
392,Arman,64,RU,1575657622,88,59.7,150.17,258.92,8.74
393,Noumea,38,NC,1575657394,83,-22.28,166.46,299.82,6.31
394,Diu,100,IN,1575657622,52,20.71,70.98,300.45,9.09
395,Lovozero,100,RU,1575657622,95,68.01,35.02,264.44,2.75
396,The Valley,20,AI,1575657434,62,18.22,-63.06,304.15,6.2
397,Bowling Green,90,US,1575657532,66,36.99,-86.44,284.26,1.65
398,Hami,100,CN,1575657489,46,42.84,93.51,269.5,1.02
399,Nassogne,100,BE,1575657623,93,50.13,5.35,279.26,10.3
400,Eisenerz,100,AT,1575657623,92,47.54,14.89,273.15,0.5
401,San Cristobal,40,HN,1575657624,44,14.68,-86.92,299.73,1.83
402,Kidal,97,ML,1575657424,10,18.44,1.41,298.02,4.18
403,Nome,1,US,1575657449,54,30.04,-94.42,299.15,4.6
404,Guayaramerin,90,BO,1575657624,94,-10.82,-65.36,297.15,2.1
405,Yashan,0,CN,1575657425,67,30.81,118.02,277.06,1.74
406,Port-Gentil,90,GA,1575657413,94,-0.72,8.78,299.15,3.1
407,Aasiaat,35,GL,1575657624,79,68.71,-52.87,254.04,3.03
408,Atar,0,MR,1575657448,23,20.52,-13.05,297.15,3.1
409,Geraldton,75,CA,1575657436,71,49.72,-86.95,259.15,3.6
410,Ayorou,29,NE,1575657625,12,14.73,0.92,298.38,1.83
411,Bilma,0,NE,1575657625,14,18.69,12.92,296.22,3.81
412,Rovaniemi,90,FI,1575657625,92,66.5,25.72,265.15,1.5
413,Xixiang,0,CN,1575657625,30,22.58,113.87,288.15,6.0
414,Rocha,49,UY,1575657566,33,-34.48,-54.34,296.04,9.02
415,Dutlwe,100,BW,1575657625,65,-23.98,23.93,295.66,4.54
416,Gazanjyk,15,TM,1575657625,86,39.24,55.52,276.39,5.05
417,Zhongshu,0,CN,1575657626,82,24.52,103.77,273.2,0.78
418,Pitimbu,20,BR,1575657626,58,-7.47,-34.81,303.15,5.1
419,Maragogi,9,BR,1575657480,79,-9.01,-35.22,300.32,5.47
420,Matay,0,EG,1575657626,72,28.42,30.79,288.09,5.95
421,Hay River,75,CA,1575657477,75,60.82,-115.79,245.15,2.82
422,Sangamner,42,IN,1575657627,50,19.57,74.2,291.92,1.54
423,San Pedro de Uraba,75,CO,1575657627,83,8.28,-76.38,301.15,4.1
424,Ulladulla,74,AU,1575657627,93,-35.36,150.48,286.48,1.0
425,Goma,100,CD,1575657627,97,-1.67,29.23,287.75,0.76
426,Vernon,90,CA,1575657627,86,50.27,-119.27,276.48,1.5
427,Buraydah,40,SA,1575657498,46,26.33,43.97,295.15,5.7
428,Ituporanga,0,BR,1575657627,66,-27.41,-49.6,300.93,2.24
429,Prince Rupert,75,CA,1575657543,92,54.32,-130.32,270.15,2.1
430,Brae,20,GB,1575657425,80,60.4,-1.35,278.15,2.6
431,Solnechnyy,100,RU,1575657498,96,50.72,136.64,252.48,1.38
432,Tautira,91,PF,1575657429,74,-17.73,-149.15,301.15,5.1
433,Chilca,40,PE,1575657628,34,-13.22,-72.34,292.15,1.0
434,Madang,0,CN,1575657628,44,35.32,102.79,266.73,3.36
435,Magistralnyy,0,RU,1575657629,83,56.17,107.45,257.02,2.3
436,Chakia,22,IN,1575657629,51,26.42,85.05,292.68,1.14
437,Goderich,87,CA,1575657448,86,43.74,-81.71,274.82,1.34
438,Areka,14,ET,1575657629,51,7.07,37.71,295.09,2.28
439,Vardo,1,US,1575657420,42,39.62,-77.74,284.26,4.6
440,Masuguru,83,MZ,1575657629,58,-11.38,38.46,301.76,3.16
441,Beringovskiy,100,RU,1575657499,79,63.05,179.32,268.32,16.23
442,Benguela,0,AO,1575657461,78,-12.58,13.4,298.03,2.52
443,Bahia Blanca,0,AR,1575657423,24,-38.72,-62.27,298.65,7.36
444,Emba,0,CY,1575657630,62,34.81,32.42,286.15,4.1
445,Vieste,75,IT,1575657630,81,41.88,16.18,284.15,0.5
446,Praia da Vitoria,75,PT,1575657441,77,38.73,-27.07,290.37,4.75
447,Heinola,90,FI,1575657630,100,61.2,26.03,277.15,3.6
448,Carballo,40,ES,1575657630,100,43.21,-8.69,285.93,1.0
449,Ngudu,81,TZ,1575657630,87,-2.97,33.34,294.18,2.1
450,Podlesnoye,100,RU,1575657631,88,54.32,47.61,272.81,7.71
451,Hamilton,75,CA,1575657218,91,43.26,-79.87,274.26,4.6
452,Ferkessedougou,8,CI,1575657631,26,9.6,-5.2,302.79,1.42
453,Esmeraldas,75,BR,1575657468,65,-19.76,-44.31,303.15,4.1
454,Winslow,75,GB,1575657631,81,51.94,-0.88,283.15,5.1
455,Metlaltoyuca,75,MX,1575657632,65,20.74,-97.85,300.15,3.1
456,Gambela,89,ET,1575657632,53,8.25,34.59,301.15,1.74
457,Sobolevo,19,RU,1575657450,78,54.43,31.9,272.7,6.57
458,Perth,75,AU,1575657489,93,-31.95,115.86,293.71,2.6
459,Spirit River,75,CA,1575657632,84,55.78,-118.84,256.15,1.3
460,Ismailia,24,EG,1575657454,57,30.6,32.27,288.98,5.06
461,San Vicente,75,EC,1575657633,74,-0.59,-80.41,302.15,6.2
462,Tecolutla,9,MX,1575657633,47,17.31,-98.74,297.32,2.01
463,Pierre,90,US,1575657633,86,44.37,-100.35,273.71,6.2
464,Houma,0,CN,1575657410,50,35.63,111.36,273.4,0.44
465,Hasaki,75,JP,1575657433,66,35.73,140.83,278.15,3.6
466,Half Moon Bay,1,US,1575657278,63,37.46,-122.43,290.93,6.7
467,Nambucca Heads,90,AU,1575657633,82,-30.64,152.99,290.93,3.06
468,Coffs Harbour,90,AU,1575657634,82,-30.3,153.13,290.93,3.06
469,Cradock,3,ZA,1575657634,44,-32.16,25.62,294.9,8.51
470,Pangai,40,TO,1575657416,94,-19.8,-174.35,298.15,2.6
471,Markova,19,RU,1575657634,85,52.21,104.21,266.15,4.0
472,Rio Grande,20,BR,1575657436,22,-32.03,-52.1,305.15,6.2
473,Polovinnoye,100,RU,1575657634,90,54.79,65.99,274.97,9.14
474,Parkes,0,AU,1575657634,44,-33.14,148.18,287.04,3.48
475,Yarada,20,IN,1575657634,88,17.65,83.27,294.15,3.1
476,San Ignacio,82,PE,1575657635,89,-5.15,-79.0,294.7,1.04
477,Iracoubo,51,GF,1575657412,81,5.48,-53.21,300.48,5.97
478,Floro,40,NO,1575657635,93,61.6,5.03,276.48,3.6
479,Namibe,58,AO,1575657418,79,-15.19,12.15,295.4,4.09
480,Tebingtinggi,40,ID,1575657635,100,3.33,99.16,296.15,3.6
481,Marquette,90,US,1575657635,67,46.54,-87.4,268.71,6.2
482,La Sarre,100,CA,1575657636,87,48.8,-79.2,264.46,1.55
483,Banda Aceh,51,ID,1575657469,95,5.56,95.32,295.7,1.87
484,Sibolga,100,ID,1575657636,97,1.74,98.78,295.03,1.19
485,Tashara,100,RU,1575657636,88,55.52,83.51,263.73,6.93
486,Mwanza,82,TZ,1575657636,75,-2.52,32.9,295.53,2.35
487,Jardim,0,BR,1575657636,27,-21.48,-56.15,305.64,3.82
488,Gawler,20,AU,1575657636,81,-34.6,138.75,285.37,2.1
489,Pismo Beach,17,US,1575657637,67,35.14,-120.64,291.15,4.22
490,Lucapa,99,AO,1575657637,93,-8.42,20.74,293.75,1.18
491,Ust-Nera,100,RU,1575657637,94,64.57,143.24,241.92,3.85
492,Fergus,75,CA,1575657621,68,43.71,-80.37,274.82,7.2
493,Kagal,0,IN,1575657637,70,16.58,74.32,293.54,3.58
494,Marsh Harbour,92,BS,1575657637,53,26.54,-77.06,295.99,3.39
495,Diego de Almagro,0,CL,1575657637,13,-26.39,-70.05,301.99,7.84
496,Rawson,0,AR,1575657450,63,-43.3,-65.11,286.72,8.06
497,Jalu,92,LY,1575657638,38,29.03,21.55,289.43,2.28
498,Zhob,0,PK,1575657454,34,31.34,69.45,282.82,0.91
499,Vao,100,EE,1575657434,89,59.1,26.19,280.71,5.64
500,Batsfjord,40,NO,1575657638,86,70.63,29.72,273.15,13.9
501,Sao Filipe,1,CV,1575657464,72,14.9,-24.5,294.77,4.63
502,Namatanai,56,PG,1575657486,75,-3.66,152.44,300.99,2.71
503,Fairmont,75,US,1575657639,47,40.64,-97.59,275.37,1.5
504,Tongling,0,CN,1575657639,67,30.93,117.81,277.06,1.74
505,Sayyan,0,YE,1575657421,39,15.17,44.32,283.97,1.2
506,Temirtau,90,KZ,1575657639,85,50.05,72.96,268.15,13.0
507,Panama City,1,US,1575657639,49,30.16,-85.65,295.37,5.1
508,Saint Paul,1,US,1575657419,67,44.95,-93.1,269.15,1.48
509,Mizan Teferi,29,ET,1575657640,90,6.99,35.58,290.96,1.71
510,Bubaque,72,GW,1575657640,51,11.28,-15.83,300.11,5.55
511,Linares,0,CL,1575657640,18,-35.85,-71.6,302.89,3.03
512,Cayenne,20,GF,1575657640,62,4.94,-52.33,304.15,6.7
513,Dunmore Town,45,BS,1575657640,56,25.5,-76.65,296.58,3.88
514,Warman,75,CA,1575657640,100,52.32,-106.58,267.59,2.1
515,Hun,100,BE,1575657641,93,50.34,4.87,280.15,10.3
516,Roald,40,NO,1575657641,80,62.58,6.12,278.15,4.6
517,Lavrentiya,0,RU,1575657444,78,65.58,-170.99,262.66,10.22
518,Villarrica,20,CL,1575657641,49,-39.28,-72.23,295.37,4.6
519,Corinto,75,CO,1575657641,65,3.17,-76.26,301.15,2.6
520,Constitucion,20,MX,1575657451,22,23.99,-104.67,293.15,2.1
521,Burtunay,0,RU,1575657642,45,42.99,46.63,270.69,1.19
522,Ampanihy,19,MG,1575657642,76,-24.69,44.75,293.65,6.57
523,Mikhaylovka,0,RU,1575657642,85,52.96,103.29,262.21,4.04
524,Tatvan,100,TR,1575657642,75,38.5,42.28,275.38,4.25
525,Balkhash,87,KZ,1575657486,56,46.84,74.98,270.18,5.52
526,Balkanabat,0,TM,1575657642,68,39.51,54.36,277.29,5.31
527,Yerbogachen,71,RU,1575657472,91,61.28,108.01,254.57,3.21
528,Shar,94,NG,1575657643,25,7.3,8.73,302.43,0.49
529,Mahon,75,IE,1575657643,81,51.89,-8.4,282.59,5.1
530,Omboue,71,GA,1575657457,94,-1.57,9.26,297.21,2.72
531,Itoman,75,JP,1575657643,82,26.12,127.67,289.15,12.9
532,Tarbagatay,0,RU,1575657643,75,51.48,107.36,246.15,1.0
533,Acapulco,75,MX,1575657149,62,16.86,-99.88,303.15,3.1
534,Muisne,90,EC,1575657643,74,0.61,-80.02,302.15,3.6
535,Lieksa,100,FI,1575657644,97,63.32,30.02,274.24,1.93
536,Ayagoz,100,KZ,1575657644,87,47.96,80.43,263.39,4.89
537,Smoky Lake,42,CA,1575657644,91,54.11,-112.47,263.15,0.89
538,Candido Mendes,15,BR,1575657644,57,-1.45,-45.72,303.66,3.9
539,Oktyabrskoye,40,RU,1575657644,67,56.73,85.44,268.15,8.0
540,Kulu,7,CD,1575657644,57,3.47,23.69,295.88,0.45
541,Ambon,90,FR,1575657357,93,47.55,-2.56,285.37,3.6
542,Togur,100,RU,1575657644,92,58.36,82.83,262.75,4.74
543,Bridgetown,100,AU,1575657645,68,-33.96,116.14,289.82,1.1
544,Kajaani,90,FI,1575657645,100,64.22,27.73,272.15,1.0
545,Miri,0,NG,1575657645,21,10.31,9.75,296.81,2.4
546,Kandi,25,BJ,1575657645,24,11.13,2.93,301.59,1.26
547,Kuala Terengganu,40,MY,1575657645,78,5.33,103.14,300.15,3.1
548,Luoyang,0,CN,1575657645,77,34.66,112.42,274.16,1.27
549,Moosomin,100,CA,1575657646,93,50.14,-101.67,267.33,3.86
550,Salmon Arm,100,CA,1575657646,97,50.7,-119.29,275.37,1.84
551,Shamgarh,100,IN,1575657646,37,24.18,75.63,289.79,4.05
552,Prince George,75,CA,1575657636,92,53.92,-122.75,267.59,0.86
553,El Jicaro,55,GT,1575657646,59,14.91,-89.89,297.19,1.05
554,Jieshi,17,CN,1575657646,40,22.82,115.83,287.04,1.34
555,Ridgecrest,75,US,1575657646,81,35.62,-117.67,285.93,1.52
556,Ruston,90,US,1575657514,64,32.52,-92.64,295.93,2.1
